 A portfolio manager makes investment decisions and carries out other related activities on behalf of vested investors. They work with a team of analysts and researchers, and their main objective is to realise the needs of the investor and suggest a suitable portfolio that meets all the expectations. They are responsible for establishing the best investment strategy, selecting appropriate investments along with the right allocation. However, in doing so, they face a lot of competition in the form of other portfolio managers and rival firms. Therefore, the portfolio manager has to use the available resources to provide the best solution to the investor. Consider ourselves working for an associate at an investment firm that manages accounts for private clients. Our role requires you to analyse a portfolio of stocks to provide consultation on investment management based on client’s requirement.

Business Requirement:
Being a portfolio manager, the task is to provide consultation to two different investors, considered as Private Clients, i.e Mr Patrick Jyenger and Mr Peter Jyenger based on their requirements and financial objectives

The primary goal of this Case Study:

To Suggest a Portfolio of stocks to Mr Patrick Jyenger based on his risk profile to meet his goal on doubling the amount of 500K Dollars in five years of timespan to buy a minoruty stake in Naturo.

To provide a High risk stock to Mr Peter Jyenger based on his risk profile to accomplish his goal on earning greater returns for the invested amount of 1 Million Dollars over a five years of timeframe to use it for the expansion of JWW.

#Importing the necessary Libraries:

import numpy as np
import pandas as pd
import seaborn as sns
import matplotlib.pyplot as plt

#suppressing warnings:

import warnings
warnings.filterwarnings('ignore')

#MinMax Scaler:
from sklearn.preprocessing import MinMaxScaler

#setting the jupyter view:

pd.options.display.max_columns = None
pd.options.display.max_rows = None
Read the dataset:
#importing the datasets


## AVIATION STOCKS DATASET
American_Airlines = pd.read_csv("Dataset\\AAL.csv")
Allegiant_Travel = pd.read_csv("Dataset\\ALGT.csv")
Alaska_Air = pd.read_csv("Dataset\\ALk.csv")
Delta_AirLines = pd.read_csv("Dataset\\DAL.csv")
Hawaiian_Holdings = pd.read_csv("Dataset\\HA.csv")
Southwest_Airlines = pd.read_csv("Dataset\\LUV.csv")

## FINANCE STOCKS DATASET
Barclays = pd.read_csv("Dataset\\BCS.csv")
Credit_Suisse = pd.read_csv("Dataset\\CS.csv")
Deutsche_Bank = pd.read_csv("Dataset\\DB.csv")
Goldman_Sachs = pd.read_csv("Dataset\\GS.csv")
Morgan_Stanley = pd.read_csv("Dataset\\MS.csv")
Wells_Fargo = pd.read_csv("Dataset\\WFC.csv")

## HEALTHCARE STOCKS DATASET
Johnson_and_Johnson = pd.read_csv("Dataset\\JNJ.csv")
Merck_and_CO = pd.read_csv("Dataset\\MRK.csv")
Pfizer = pd.read_csv("Dataset\\PFE.csv")
UnitedHealthGroup = pd.read_csv("Dataset\\UNH.csv")

## PHARMACEUTICAL STOCKS DATASET
Bausch_Health = pd.read_csv("Dataset\\BHC.csv")
Roche_Holding = pd.read_csv("Dataset\\RHHBY.csv")

## TECHNOLOGY STOCKS DATASET
Apple = pd.read_csv("Dataset\\AAPL.csv")
Amazon = pd.read_csv("Dataset\\AMZN.csv")
Facebook = pd.read_csv("Dataset\\FB.csv")
Alphabet = pd.read_csv("Dataset\\GOOG.csv")
IBM = pd.read_csv("Dataset\\IBM.csv")
Microsoft = pd.read_csv("Dataset\\MSFT.csv")

#S&P500 Index

SP500 = pd.read_csv("Dataset\\S&P500.csv")
#Renaming the columns in the dataset and changing the close column to the stock name for easy reference

American_Airlines = American_Airlines.rename(columns = {'Open': 'AAL_Open', 'High': 'AAL_High','Low': 'AAL_Low','Close': 'AAL','Adj Close': 'AAL_Adj Close','Volume': 'AAL_Volume'}, inplace = False)
Allegiant_Travel = Allegiant_Travel.rename(columns = {'Open': 'ALGT_Open', 'High': 'ALGT_High','Low': 'ALGT_Low','Close': 'ALGT','Adj Close': 'ALGT_Adj Close','Volume': 'ALGT_Volume'}, inplace = False)
Alaska_AirLk = Alaska_Air.rename(columns = {'Open': 'ALk_Open', 'High': 'ALk_High','Low': 'ALk_Low','Close': 'ALk','Adj Close': 'ALk_Adj Close','Volume': 'ALk_Volume'}, inplace = False)
Delta_AirLines = Delta_AirLines.rename(columns = {'Open': 'DAL_Open', 'High': 'DAL_High','Low': 'DAL_Low','Close': 'DAL','Adj Close': 'DAL_Adj Close','Volume': 'DAL_Volume'}, inplace = False)
Hawaiian_Holdings = Hawaiian_Holdings.rename(columns = {'Open': 'HA_Open', 'High': 'HA_High','Low': 'HA_Low','Close': 'HA','Adj Close': 'HAL_Adj Close','Volume': 'HAL_Volume'}, inplace = False)
Southwest_Airlines = Southwest_Airlines.rename(columns = {'Open': 'LUV_Open', 'High': 'LUV_High','Low': 'LUV_Low','Close': 'LUV','Adj Close': 'LUV_Adj Close','Volume': 'LUV_Volume'}, inplace = False)

Barclays = Barclays.rename(columns = {'Open': 'BCS_Open', 'High': 'BCS_High','Low': 'BCS_Low','Close': 'BCS','Adj Close': 'BCS_Adj Close','Volume': 'BCS_Volume'}, inplace = False)
Credit_Suisse = Credit_Suisse.rename(columns = {'Open': 'CS_Open', 'High': 'CS_High','Low': 'CS_Low','Close': 'CS','Adj Close': 'CS_Adj Close','Volume': 'CS_Volume'}, inplace = False)
Deutsche_Bank= Deutsche_Bank.rename(columns = {'Open': 'DB_Open', 'High': 'DB_High','Low': 'DB_Low','Close': 'DB','Adj Close': 'DB_Adj Close','Volume': 'DB_Volume'}, inplace = False)
Goldman_Sachs = Goldman_Sachs.rename(columns = {'Open': 'GS_Open', 'High': 'GS_High','Low': 'GS_Low','Close': 'GS','Adj Close': 'GS_Adj Close','Volume': 'GS_Volume'}, inplace = False)
Morgan_Stanley = Morgan_Stanley.rename(columns = {'Open': 'MS_Open', 'High': 'MS_High','Low': 'MS_Low','Close': 'MS','Adj Close': 'MS_Adj Close','Volume': 'MS_Volume'}, inplace = False)
Wells_Fargo = Wells_Fargo.rename(columns = {'Open': 'WFC_Open', 'High': 'WFC_High','Low': 'WFC_Low','Close': 'WFC','Adj Close': 'WFC_Adj Close','Volume': 'WFC_Volume'}, inplace = False)

Johnson_and_Johnson = Johnson_and_Johnson.rename(columns = {'Open': 'JNJ_Open', 'High': 'JNJ_High','Low': 'JNJ_Low','Close': 'JNJ','Adj Close': 'JNJ_Adj Close','Volume': 'JNJ_Volume'}, inplace = False)
Merck_and_CO = Merck_and_CO.rename(columns = {'Open': 'MRK_Open', 'High': 'MRK_High','Low': 'MRK_Low','Close': 'MRK','Adj Close': 'MRK_Adj Close','Volume': 'MRK_Volume'}, inplace = False)
Pfizer = Pfizer.rename(columns = {'Open': 'PFE_Open', 'High': 'PFE_High','Low': 'PFE_Low','Close': 'PFE','Adj Close': 'PFE_Adj Close','Volume': 'PFE_Volume'}, inplace = False)
UnitedHealthGroup = UnitedHealthGroup.rename(columns = {'Open': 'UNH_Open', 'High': 'UNH_High','Low': 'UNH_Low','Close': 'UNH','Adj Close': 'UNH_Adj Close','Volume': 'UNH_Volume'}, inplace = False)

Bausch_Health = Bausch_Health.rename(columns = {'Open': 'BHC_Open', 'High': 'BHC_High','Low': 'BHC_Low','Close': 'BHC','Adj Close': 'BHC_Adj Close','Volume': 'BHC_Volume'}, inplace = False)
Roche_Holding = Roche_Holding.rename(columns = {'Open': 'RHHBY_Open', 'High': 'RHHBY_High','Low': 'RHHBY_Low','Close': 'RHHBY','Adj Close': 'RHHBY_Adj Close','Volume': 'RHHBY_Volume'}, inplace = False)

Apple = Apple.rename(columns = {'Open': 'AAPL_Open', 'High': 'AAPL_High','Low': 'AAPL_Low','Close': 'AAPL','Adj Close': 'AAPL_Adj Close','Volume': 'AAPL_Volume'}, inplace = False)
Amazon = Amazon.rename(columns = {'Open': 'AMZN_Open', 'High': 'AMZN_High','Low': 'AMZN_Low','Close': 'AMZN','Adj Close': 'AMZN_Adj Close','Volume': 'AMZN_Volume'}, inplace = False)
Facebook = Facebook.rename(columns = {'Open': 'FB_Open', 'High': 'FB_High','Low': 'FB_Low','Close': 'FB','Adj Close': 'FB_Adj Close','Volume': 'FB_Volume'}, inplace = False)
Alphabet = Alphabet.rename(columns = {'Open': 'GOOG_Open', 'High': 'GOOG_High','Low': 'GOOG_Low','Close': 'GOOG','Adj Close': 'GOOG_Adj Close','Volume': 'GOOG_Volume'}, inplace = False)
Internation_Business_Machines = IBM.rename(columns = {'Open': 'IBM_Open', 'High': 'IBM_High','Low': 'IBM_Low','Close': 'IBM','Adj Close': 'IBM_Adj Close','Volume': 'IBM_Volume'}, inplace = False)
Microsoft = Microsoft.rename(columns = {'Open': 'MSFT_Open', 'High': 'MSFT_High','Low': 'MSFT_Low','Close': 'MSFT','Adj Close': 'MSFT_Adj Close','Volume': 'MSFT_Volume'}, inplace = False)

SandP500 = SP500.rename(columns = {'Open': 'S&P500_Open', 'High': 'S&P500_High','Low': 'S&P500_Low','Close': 'S&P500','Adj Close': 'S&P500_Adj Close','Volume': 'S&P500_Volume'}, inplace = False)
Naming each column with stock name at the start to differentiate columns from each other. if we merge all the tables then also the opeing and closing price of single stock can be differentiated just by there column name. Naming closing price column by just by the stock name.

#Now we will be taking two similar columns from the stocks dataset


# S&P500 index
SP500 = SandP500[['Date','S&P500']]

# Aviation stocks
AAL = American_Airlines[['Date','AAL']]
ALGT = Allegiant_Travel[['Date','ALGT']]
ALK = Alaska_AirLk[['Date','ALk']]
DAL = Delta_AirLines[['Date','DAL']]
HA = Hawaiian_Holdings[['Date','HA']]
LUV = Southwest_Airlines[['Date','LUV']]

# Finance stocks
BCS = Barclays[['Date','BCS']]
CS = Credit_Suisse[['Date','CS']]
DB = Deutsche_Bank[['Date','DB']]
GS = Goldman_Sachs[['Date','GS']]
MS = Morgan_Stanley[['Date','MS']]
WFC = Wells_Fargo[['Date','WFC']]

# Pharma_healthcare stocks
BHC = Bausch_Health[['Date','BHC']]
JNJ = Johnson_and_Johnson[['Date','JNJ']]
MRK = Merck_and_CO[['Date','MRK']]
PFE = Pfizer[['Date','PFE']]
RHHBY = Roche_Holding[['Date','RHHBY']]
UNH = UnitedHealthGroup[['Date','UNH']]

# Technology stocks
AAPL = Apple[['Date','AAPL']]
AMZN = Amazon[['Date','AMZN']]
FB = Facebook[['Date','FB']]
GOOG = Alphabet[['Date','GOOG']]
IBM = Internation_Business_Machines[['Date','IBM']]
MSFT = Microsoft[['Date','MSFT']]
# Lets merge the opted colmns of the data into a common dataset

stocks = pd.merge(SP500,  AAL,   how='inner', on='Date')
stocks = pd.merge(stocks, ALGT,  how='inner', on='Date')
stocks = pd.merge(stocks, ALK,   how='inner', on='Date')
stocks = pd.merge(stocks, DAL,   how='inner', on='Date')
stocks = pd.merge(stocks, HA,    how='inner', on='Date')
stocks = pd.merge(stocks, LUV,   how='inner', on='Date')
 
stocks = pd.merge(stocks, BCS,   how='inner', on='Date')
stocks = pd.merge(stocks, CS,    how='inner', on='Date')
stocks = pd.merge(stocks, DB,    how='inner', on='Date')
stocks = pd.merge(stocks, GS,    how='inner', on='Date')
stocks = pd.merge(stocks, MS,    how='inner', on='Date')
stocks = pd.merge(stocks, WFC,   how='inner', on='Date')

stocks = pd.merge(stocks, BHC,   how='inner', on='Date')
stocks = pd.merge(stocks, JNJ,   how='inner', on='Date')
stocks = pd.merge(stocks, MRK,   how='inner', on='Date')
stocks = pd.merge(stocks, PFE,   how='inner', on='Date')
stocks = pd.merge(stocks, RHHBY, how='inner', on='Date')
stocks = pd.merge(stocks, UNH,   how='inner', on='Date')

stocks = pd.merge(stocks, AAPL,  how='inner', on='Date')
stocks = pd.merge(stocks, AMZN,  how='inner', on='Date')
stocks = pd.merge(stocks, GOOG,  how='inner', on='Date')
stocks = pd.merge(stocks, IBM,   how='inner', on='Date')
stocks = pd.merge(stocks, MSFT,  how='inner', on='Date')
stocks = pd.merge(stocks, FB,    how='left', on='Date')
#Checking the head of the data:

stocks.head(10)
Date	S&P500	AAL	ALGT	ALk	DAL	HA	LUV	BCS	CS	DB	GS	MS	WFC	BHC	JNJ	MRK	PFE	RHHBY	UNH	AAPL	AMZN	GOOG	IBM	MSFT	FB
0	01-10-2010	1146.239990	9.29	43.230000	12.4475	12.01	5.96	12.94	17.603687	42.226563	52.595421	147.699997	25.020000	25.559999	25.750000	61.750000	36.599998	17.180000	17.389999	35.430000	10.090000	153.710007	261.828613	135.639999	24.379999	NaN
1	04-10-2010	1137.030029	9.12	41.590000	12.1425	11.51	5.75	12.82	17.502304	41.914063	51.755726	146.570007	24.709999	25.379999	25.870001	61.669998	36.520000	16.900000	17.275000	34.540001	9.951428	155.389999	260.199707	135.250000	23.910000	NaN
2	05-10-2010	1160.750000	9.23	42.099998	12.2150	11.83	5.85	13.02	18.156683	43.154297	53.950382	149.570007	25.469999	26.250000	26.299999	62.799999	37.020000	17.230000	17.799999	35.070000	10.319285	160.869995	268.110046	137.660004	24.350000	NaN
3	06-10-2010	1159.969971	9.23	41.950001	12.1875	11.78	5.97	12.94	17.944700	43.437500	54.608780	150.839996	25.379999	26.299999	26.690001	63.209999	37.009998	17.260000	17.975000	33.950001	10.328215	155.399994	266.177307	137.839996	24.430000	NaN
4	07-10-2010	1158.060059	9.24	41.700001	11.6250	11.77	6.15	12.88	17.253456	43.671875	54.036259	151.110001	25.070000	26.000000	26.600000	63.220001	36.709999	17.379999	17.930000	34.340000	10.329286	156.270004	264.015411	138.720001	24.530001	NaN
5	08-10-2010	1165.150024	9.07	39.779999	12.0475	11.40	6.15	13.04	17.456221	42.988281	53.874046	152.660004	25.320000	25.950001	26.840000	63.230000	36.910000	17.459999	18.125000	34.349998	10.502500	155.550003	267.173553	138.850006	24.570000	NaN
6	11-10-2010	1165.319946	9.00	39.040001	11.7550	11.24	6.11	12.86	17.419355	43.349609	53.587788	152.199997	25.150000	25.650000	27.160000	63.299999	36.860001	17.379999	18.000000	34.650002	10.548572	153.029999	268.413910	139.660004	24.590000	NaN
7	12-10-2010	1169.770020	9.55	39.400002	11.8300	11.42	6.35	12.99	17.354839	43.486328	53.339695	155.210007	25.930000	25.980000	27.879999	63.290001	36.639999	17.480000	17.775000	35.020000	10.662143	156.479996	269.684143	139.850006	24.830000	NaN
8	13-10-2010	1178.099976	9.80	40.500000	11.8850	11.58	6.39	12.97	17.124424	43.945313	55.066795	154.729996	25.940001	25.809999	27.860001	63.580002	37.160000	17.730000	18.025000	35.320000	10.719286	155.169998	270.635590	140.369995	25.340000	NaN
9	14-10-2010	1173.810059	9.78	40.810001	11.8450	11.45	6.32	12.86	16.497696	43.554688	54.856869	151.589996	25.440001	24.719999	27.290001	63.740002	37.150002	17.660000	18.184999	35.779999	10.796785	155.529999	269.455017	141.500000	25.230000	NaN
#Checking the info:

stocks.info()
<class 'pandas.core.frame.DataFrame'>
Int64Index: 2517 entries, 0 to 2516
Data columns (total 26 columns):
 #   Column  Non-Null Count  Dtype  
---  ------  --------------  -----  
 0   Date    2517 non-null   object 
 1   S&P500  2517 non-null   float64
 2   AAL     2517 non-null   float64
 3   ALGT    2517 non-null   float64
 4   ALk     2517 non-null   float64
 5   DAL     2517 non-null   float64
 6   HA      2517 non-null   float64
 7   LUV     2517 non-null   float64
 8   BCS     2517 non-null   float64
 9   CS      2517 non-null   float64
 10  DB      2517 non-null   float64
 11  GS      2517 non-null   float64
 12  MS      2517 non-null   float64
 13  WFC     2517 non-null   float64
 14  BHC     2517 non-null   float64
 15  JNJ     2517 non-null   float64
 16  MRK     2517 non-null   float64
 17  PFE     2517 non-null   float64
 18  RHHBY   2517 non-null   float64
 19  UNH     2517 non-null   float64
 20  AAPL    2517 non-null   float64
 21  AMZN    2517 non-null   float64
 22  GOOG    2517 non-null   float64
 23  IBM     2517 non-null   float64
 24  MSFT    2517 non-null   float64
 25  FB      2106 non-null   float64
dtypes: float64(25), object(1)
memory usage: 530.9+ KB
#Checking the null values:

stocks.isnull().sum()
Date        0
S&P500      0
AAL         0
ALGT        0
ALk         0
DAL         0
HA          0
LUV         0
BCS         0
CS          0
DB          0
GS          0
MS          0
WFC         0
BHC         0
JNJ         0
MRK         0
PFE         0
RHHBY       0
UNH         0
AAPL        0
AMZN        0
GOOG        0
IBM         0
MSFT        0
FB        411
dtype: int64
There are some missing values in FB Column because the FB stock was listed on stock exchange on 18-05-2012.
#Imputing the missing values of FB with zeroes:

stocks['FB'] = stocks['FB'].fillna(0)
#Checking the nulls again:

stocks.isnull().sum()
Date      0
S&P500    0
AAL       0
ALGT      0
ALk       0
DAL       0
HA        0
LUV       0
BCS       0
CS        0
DB        0
GS        0
MS        0
WFC       0
BHC       0
JNJ       0
MRK       0
PFE       0
RHHBY     0
UNH       0
AAPL      0
AMZN      0
GOOG      0
IBM       0
MSFT      0
FB        0
dtype: int64
#Checking the describe:

stocks.describe()
S&P500	AAL	ALGT	ALk	DAL	HA	LUV	BCS	CS	DB	GS	MS	WFC	BHC	JNJ	MRK	PFE	RHHBY	UNH	AAPL	AMZN	GOOG	IBM	MSFT	FB
count	2517.000000	2517.000000	2517.000000	2517.000000	2517.000000	2517.000000	2517.000000	2517.000000	2517.000000	2517.000000	2517.000000	2517.000000	2517.000000	2517.000000	2517.000000	2517.000000	2517.000000	2517.000000	2517.000000	2517.000000	2517.000000	2517.000000	2517.000000	2517.000000	2517.000000
mean	2111.392732	29.397636	119.742177	50.031176	35.509420	22.870413	34.315443	12.192705	21.501379	27.304930	179.598184	34.411136	44.473206	61.880687	105.277378	57.161053	31.314883	30.835677	141.230377	33.454670	854.636107	730.426139	161.805364	68.195050	100.070079
std	612.227235	15.211889	45.384355	24.187020	17.530221	15.483034	18.421698	3.729666	8.988043	15.409974	42.405475	11.610042	10.813651	57.170002	28.174233	15.164505	6.865147	6.582239	85.118334	20.630118	745.201139	364.685720	24.729858	47.250558	73.244619
min	1099.229980	4.000000	39.040001	11.620000	6.620000	3.780000	7.350000	3.840000	6.670000	5.480000	87.699997	12.360000	22.530001	8.510000	57.660000	29.809999	16.299999	17.125000	33.950001	9.951428	153.029999	236.553345	94.769997	23.709999	0.000000
25%	1562.170044	13.010000	79.180000	26.780001	16.240000	7.030000	13.270000	9.220000	13.740000	13.470000	154.990005	25.570000	33.959999	22.170000	81.930000	45.730000	28.040001	27.719999	59.480000	18.961428	266.489990	403.642059	143.490005	31.799999	27.959999
50%	2071.219971	32.520000	125.750000	58.540001	40.709999	21.910000	37.549999	11.345622	19.639999	28.370001	177.229996	33.520000	48.110001	38.759998	104.040001	57.180000	32.450001	31.750000	118.690002	27.592501	533.750000	651.789978	159.529999	48.619999	94.970001
75%	2656.300049	42.200001	152.949997	67.260002	50.360001	36.900002	51.880001	15.720000	27.750000	41.049618	211.580002	44.020000	53.419998	90.269997	130.979996	64.089996	35.799999	34.814999	226.639999	42.962502	1500.000000	1055.810059	183.990005	93.919998	167.240005
max	3580.840088	58.470001	233.979996	100.239998	63.160000	60.299999	66.290001	19.944700	46.513672	62.624046	273.380005	58.910000	65.930000	262.519989	155.509995	92.040001	46.230000	46.840000	323.700012	134.179993	3531.449951	1728.280029	215.800003	231.649994	303.910004
#Checkig the head of the data:

stocks.head()
Date	S&P500	AAL	ALGT	ALk	DAL	HA	LUV	BCS	CS	DB	GS	MS	WFC	BHC	JNJ	MRK	PFE	RHHBY	UNH	AAPL	AMZN	GOOG	IBM	MSFT	FB
0	01-10-2010	1146.239990	9.29	43.230000	12.4475	12.01	5.96	12.94	17.603687	42.226563	52.595421	147.699997	25.020000	25.559999	25.750000	61.750000	36.599998	17.180000	17.389999	35.430000	10.090000	153.710007	261.828613	135.639999	24.379999	0.0
1	04-10-2010	1137.030029	9.12	41.590000	12.1425	11.51	5.75	12.82	17.502304	41.914063	51.755726	146.570007	24.709999	25.379999	25.870001	61.669998	36.520000	16.900000	17.275000	34.540001	9.951428	155.389999	260.199707	135.250000	23.910000	0.0
2	05-10-2010	1160.750000	9.23	42.099998	12.2150	11.83	5.85	13.02	18.156683	43.154297	53.950382	149.570007	25.469999	26.250000	26.299999	62.799999	37.020000	17.230000	17.799999	35.070000	10.319285	160.869995	268.110046	137.660004	24.350000	0.0
3	06-10-2010	1159.969971	9.23	41.950001	12.1875	11.78	5.97	12.94	17.944700	43.437500	54.608780	150.839996	25.379999	26.299999	26.690001	63.209999	37.009998	17.260000	17.975000	33.950001	10.328215	155.399994	266.177307	137.839996	24.430000	0.0
4	07-10-2010	1158.060059	9.24	41.700001	11.6250	11.77	6.15	12.88	17.253456	43.671875	54.036259	151.110001	25.070000	26.000000	26.600000	63.220001	36.709999	17.379999	17.930000	34.340000	10.329286	156.270004	264.015411	138.720001	24.530001	0.0
#Cheching the shape of the data:

stocks.shape
(2517, 26)
#Checking the data types:

stocks.dtypes
Date       object
S&P500    float64
AAL       float64
ALGT      float64
ALk       float64
DAL       float64
HA        float64
LUV       float64
BCS       float64
CS        float64
DB        float64
GS        float64
MS        float64
WFC       float64
BHC       float64
JNJ       float64
MRK       float64
PFE       float64
RHHBY     float64
UNH       float64
AAPL      float64
AMZN      float64
GOOG      float64
IBM       float64
MSFT      float64
FB        float64
dtype: object
We need to convert the Date column to DateTime format(DD-MM-YYYY) for easier analysis.
#lets change the date column to datetime format
stocks["Date"]= pd.to_datetime(stocks["Date"], format='%d-%m-%Y')

#display data types of the column in dataframe ad
stocks.dtypes
Date      datetime64[ns]
S&P500           float64
AAL              float64
ALGT             float64
ALk              float64
DAL              float64
HA               float64
LUV              float64
BCS              float64
CS               float64
DB               float64
GS               float64
MS               float64
WFC              float64
BHC              float64
JNJ              float64
MRK              float64
PFE              float64
RHHBY            float64
UNH              float64
AAPL             float64
AMZN             float64
GOOG             float64
IBM              float64
MSFT             float64
FB               float64
dtype: object
#Now we will set date column as an index:

stocks = stocks.set_index('Date')


stocks.head()
S&P500	AAL	ALGT	ALk	DAL	HA	LUV	BCS	CS	DB	GS	MS	WFC	BHC	JNJ	MRK	PFE	RHHBY	UNH	AAPL	AMZN	GOOG	IBM	MSFT	FB
Date																									
2010-10-01	1146.239990	9.29	43.230000	12.4475	12.01	5.96	12.94	17.603687	42.226563	52.595421	147.699997	25.020000	25.559999	25.750000	61.750000	36.599998	17.180000	17.389999	35.430000	10.090000	153.710007	261.828613	135.639999	24.379999	0.0
2010-10-04	1137.030029	9.12	41.590000	12.1425	11.51	5.75	12.82	17.502304	41.914063	51.755726	146.570007	24.709999	25.379999	25.870001	61.669998	36.520000	16.900000	17.275000	34.540001	9.951428	155.389999	260.199707	135.250000	23.910000	0.0
2010-10-05	1160.750000	9.23	42.099998	12.2150	11.83	5.85	13.02	18.156683	43.154297	53.950382	149.570007	25.469999	26.250000	26.299999	62.799999	37.020000	17.230000	17.799999	35.070000	10.319285	160.869995	268.110046	137.660004	24.350000	0.0
2010-10-06	1159.969971	9.23	41.950001	12.1875	11.78	5.97	12.94	17.944700	43.437500	54.608780	150.839996	25.379999	26.299999	26.690001	63.209999	37.009998	17.260000	17.975000	33.950001	10.328215	155.399994	266.177307	137.839996	24.430000	0.0
2010-10-07	1158.060059	9.24	41.700001	11.6250	11.77	6.15	12.88	17.253456	43.671875	54.036259	151.110001	25.070000	26.000000	26.600000	63.220001	36.709999	17.379999	17.930000	34.340000	10.329286	156.270004	264.015411	138.720001	24.530001	0.0
#Column wise Null Value calculation:

# Column wise null values in train data set 
null_percent = pd.DataFrame(round((stocks.isnull().sum())*100/stocks.shape[0],2)).reset_index()
null_percent.columns = ['Column Name', 'Null Values Percentage']
null_score = pd.DataFrame(stocks.isnull().sum()).reset_index()
null_score.columns = ['Column Name', 'Null Values']
null_stocks = pd.merge(null_score, null_percent, on='Column Name')
null_stocks.sort_values("Null Values", ascending = False)
Column Name	Null Values	Null Values Percentage
0	S&P500	0	0.0
13	BHC	0	0.0
23	MSFT	0	0.0
22	IBM	0	0.0
21	GOOG	0	0.0
20	AMZN	0	0.0
19	AAPL	0	0.0
18	UNH	0	0.0
17	RHHBY	0	0.0
16	PFE	0	0.0
15	MRK	0	0.0
14	JNJ	0	0.0
12	WFC	0	0.0
1	AAL	0	0.0
11	MS	0	0.0
10	GS	0	0.0
9	DB	0	0.0
8	CS	0	0.0
7	BCS	0	0.0
6	LUV	0	0.0
5	HA	0	0.0
4	DAL	0	0.0
3	ALk	0	0.0
2	ALGT	0	0.0
24	FB	0	0.0
Data is cleaned and ready for further analysis.
#Lets make a copy for the data:

original_stocks = stocks.copy()

original_stocks.head()
S&P500	AAL	ALGT	ALk	DAL	HA	LUV	BCS	CS	DB	GS	MS	WFC	BHC	JNJ	MRK	PFE	RHHBY	UNH	AAPL	AMZN	GOOG	IBM	MSFT	FB
Date																									
2010-10-01	1146.239990	9.29	43.230000	12.4475	12.01	5.96	12.94	17.603687	42.226563	52.595421	147.699997	25.020000	25.559999	25.750000	61.750000	36.599998	17.180000	17.389999	35.430000	10.090000	153.710007	261.828613	135.639999	24.379999	0.0
2010-10-04	1137.030029	9.12	41.590000	12.1425	11.51	5.75	12.82	17.502304	41.914063	51.755726	146.570007	24.709999	25.379999	25.870001	61.669998	36.520000	16.900000	17.275000	34.540001	9.951428	155.389999	260.199707	135.250000	23.910000	0.0
2010-10-05	1160.750000	9.23	42.099998	12.2150	11.83	5.85	13.02	18.156683	43.154297	53.950382	149.570007	25.469999	26.250000	26.299999	62.799999	37.020000	17.230000	17.799999	35.070000	10.319285	160.869995	268.110046	137.660004	24.350000	0.0
2010-10-06	1159.969971	9.23	41.950001	12.1875	11.78	5.97	12.94	17.944700	43.437500	54.608780	150.839996	25.379999	26.299999	26.690001	63.209999	37.009998	17.260000	17.975000	33.950001	10.328215	155.399994	266.177307	137.839996	24.430000	0.0
2010-10-07	1158.060059	9.24	41.700001	11.6250	11.77	6.15	12.88	17.253456	43.671875	54.036259	151.110001	25.070000	26.000000	26.600000	63.220001	36.709999	17.379999	17.930000	34.340000	10.329286	156.270004	264.015411	138.720001	24.530001	0.0
#Checking the shape of the dataq:

original_stocks.shape
(2517, 25)
Exporting cleaned dataset into a new csv file
stocks.to_csv('Cleaned_data_final.csv')
Exploratory Data Analysis:
Normalizing all the data so that we can compare stocks and markets with each other.
# lets assign the dataset to Nomalized data to do the normalization
normalized_stocks = stocks.copy()

# Here we are using the Minmax Scaler...The default range for the feature returned by MinMaxScaler is 0 to 1.
scaler = MinMaxScaler()

# here we are calculating the values and appling the values of the parameters on the actual data and gives the normalized value
scaled =scaler.fit_transform(normalized_stocks.iloc[:])

# reassigning the tranformed dataset to Normalized_data
normalized_stocks.iloc[:]=scaled
#Chceking the head of the data:

normalized_stocks.head()
S&P500	AAL	ALGT	ALk	DAL	HA	LUV	BCS	CS	DB	GS	MS	WFC	BHC	JNJ	MRK	PFE	RHHBY	UNH	AAPL	AMZN	GOOG	IBM	MSFT	FB
Date																									
2010-10-01	0.018943	0.097118	0.021494	0.009338	0.095331	0.038570	0.094842	0.854638	0.892402	0.824503	0.323137	0.271966	0.069816	0.067871	0.041799	0.109111	0.029402	0.008918	0.005108	0.001115	0.000201	0.016944	0.337685	0.003222	0.0
2010-10-04	0.015232	0.093997	0.013081	0.005896	0.086487	0.034855	0.092806	0.848343	0.884559	0.809808	0.317051	0.265306	0.065668	0.068344	0.040981	0.107826	0.020047	0.005048	0.002036	0.000000	0.000699	0.015852	0.334463	0.000962	0.0
2010-10-05	0.024790	0.096016	0.015697	0.006714	0.092147	0.036624	0.096200	0.888975	0.915686	0.848214	0.333208	0.281633	0.085714	0.070037	0.052529	0.115861	0.031073	0.022716	0.003865	0.002961	0.002321	0.021154	0.354375	0.003078	0.0
2010-10-06	0.024476	0.096016	0.014928	0.006404	0.091263	0.038747	0.094842	0.875813	0.922794	0.859736	0.340047	0.279699	0.086866	0.071572	0.056719	0.115700	0.032075	0.028605	0.000000	0.003033	0.000702	0.019859	0.355862	0.003463	0.0
2010-10-07	0.023706	0.096200	0.013645	0.000056	0.091086	0.041932	0.093824	0.832891	0.928676	0.849717	0.341502	0.273040	0.079954	0.071218	0.056822	0.110879	0.036084	0.027091	0.001346	0.003042	0.000959	0.018410	0.363133	0.003943	0.0
normalized_stocks.to_csv('normalized_data.csv')
We have created a dashboard named "STOCKS VS S&P500" in PowerBI to analyse the stocks for all the 10 years from 2010 to 2020 below mentioned is the snapshot

# Now we will be taking the data of the last 5 years and do the prediction for the next 5 years

stocks = stocks['10-01-2015':]

stocks.head()
S&P500	AAL	ALGT	ALk	DAL	HA	LUV	BCS	CS	DB	GS	MS	WFC	BHC	JNJ	MRK	PFE	RHHBY	UNH	AAPL	AMZN	GOOG	IBM	MSFT	FB
Date																									
2015-10-01	1923.819946	39.200001	217.979996	80.230003	45.410000	24.730000	38.410000	15.01	24.090000	26.520000	176.020004	31.500000	51.439999	179.600006	93.169998	49.369999	31.840000	33.220001	116.610001	27.395000	520.719971	611.289978	143.589996	44.610001	90.949997
2015-10-02	1951.359985	38.630001	215.589996	79.260002	44.869999	24.280001	38.380001	15.39	24.639999	27.139999	177.009995	31.430000	51.259998	182.320007	93.930000	50.139999	33.080002	33.320000	118.830002	27.594999	532.539978	626.909973	144.580002	45.570000	92.070000
2015-10-05	1987.050049	40.189999	216.059998	80.910004	46.959999	25.500000	39.299999	15.60	25.160000	28.200001	180.699997	32.290001	52.410000	163.460007	94.760002	51.230000	33.480000	33.439999	119.650002	27.695000	543.679993	641.469971	149.039993	46.630001	94.010002
2015-10-06	1979.920044	38.130001	208.600006	74.529999	45.090000	24.250000	38.000000	15.55	25.379999	28.400000	180.320007	32.360001	52.029999	166.000000	93.419998	49.799999	32.790001	33.529999	116.050003	27.827499	537.479980	645.440002	148.779999	46.750000	92.800003
2015-10-07	1995.829956	39.310001	213.839996	75.970001	45.990002	24.559999	38.709999	15.73	25.320000	28.790001	182.229996	32.930000	52.189999	169.830002	94.980003	50.950001	33.290001	32.549999	116.430000	27.695000	541.940002	642.359985	150.089996	46.799999	92.400002
# Checking for total number of NULL values in each column of the table
stocks.isnull().sum()
S&P500    0
AAL       0
ALGT      0
ALk       0
DAL       0
HA        0
LUV       0
BCS       0
CS        0
DB        0
GS        0
MS        0
WFC       0
BHC       0
JNJ       0
MRK       0
PFE       0
RHHBY     0
UNH       0
AAPL      0
AMZN      0
GOOG      0
IBM       0
MSFT      0
FB        0
dtype: int64
Now we will perform data normalization
# Here we are using the Minmax Scaler...The default range for the feature returned by MinMaxScaler is 0 to 1.
scaler = MinMaxScaler()

# here we are calculating the values and appling the values of the parameters on the actual data and gives the normalized value
scaled =scaler.fit_transform(stocks.iloc[:])

# reassigning the tranformed dataset to Normalized_data
stocks.iloc[:]=scaled
stocks.head()
S&P500	AAL	ALGT	ALk	DAL	HA	LUV	BCS	CS	DB	GS	MS	WFC	BHC	JNJ	MRK	PFE	RHHBY	UNH	AAPL	AMZN	GOOG	IBM	MSFT	FB
Date																									
2015-10-01	0.054083	0.610156	0.938873	0.739045	0.596316	0.311593	0.342763	0.933166	0.903059	0.832608	0.296583	0.263568	0.666129	0.984351	0.000000	0.017952	0.188839	0.333985	0.034410	0.043102	0.012675	0.000000	0.559991	0.000000	0.000000
2015-10-02	0.069804	0.598624	0.924086	0.726395	0.584035	0.302884	0.342056	0.964912	0.931571	0.857143	0.303735	0.261687	0.661982	1.000000	0.012191	0.035673	0.258737	0.338875	0.044761	0.044894	0.016551	0.013984	0.571347	0.005133	0.005259
2015-10-05	0.090178	0.630184	0.926994	0.747913	0.631567	0.326495	0.363743	0.982456	0.958528	0.899090	0.330395	0.284793	0.688479	0.891491	0.025505	0.060759	0.281285	0.344743	0.048585	0.045791	0.020204	0.027019	0.622505	0.010800	0.014369
2015-10-06	0.086108	0.588509	0.880839	0.664710	0.589038	0.302303	0.333098	0.978279	0.969933	0.907004	0.327650	0.286674	0.679723	0.906104	0.004010	0.027848	0.242390	0.349144	0.031799	0.046978	0.018171	0.030573	0.619523	0.011441	0.008687
2015-10-07	0.095190	0.612381	0.913259	0.683490	0.609507	0.308303	0.349835	0.993317	0.966822	0.922438	0.341449	0.301988	0.683410	0.928140	0.029034	0.054315	0.270575	0.301222	0.033571	0.045791	0.019633	0.027816	0.634549	0.011709	0.006809
stocks.to_csv('normalized_5_Years_data.csv')
Similarly for 5 Years dataset we have created a dashboard in PowerBI below mentioned is the snapshot of the same

Sector Wise Analysis
Aviation Sector
Aviation_set=stocks[['S&P500','ALGT','AAL','ALk','DAL','HA','LUV']]

Aviation_set.head()
S&P500	ALGT	AAL	ALk	DAL	HA	LUV
Date							
2015-10-01	0.054083	0.938873	0.610156	0.739045	0.596316	0.311593	0.342763
2015-10-02	0.069804	0.924086	0.598624	0.726395	0.584035	0.302884	0.342056
2015-10-05	0.090178	0.926994	0.630184	0.747913	0.631567	0.326495	0.363743
2015-10-06	0.086108	0.880839	0.588509	0.664710	0.589038	0.302303	0.333098
2015-10-07	0.095190	0.913259	0.612381	0.683490	0.609507	0.308303	0.349835

sns.pairplot(Aviation_set)
plt.ioff()
<matplotlib.pyplot._IoffContext at 0x1cd75967640>

Insights:
S&P500 is not co-related to Aviation Sector.
Market took a massive hit in 2020 due to corona pandemic which resulted in a bear market.
Even though the market recovered but the Aviation Sector underperformed the market.
Well within the Aviation Sector only 3 stocks i.e. Allegiant Travel Company, Delta Airlines, Southwest Airlines.
As we can see in the pairplot Allegiant Travel Company has some positive coorelation with Delta Airlines.
Also we can see there is some positive coorelation of Delta Airlines with Southwest Airlines.
Finance Sector
# Finance Stocks

Finance_Stocks=stocks[['S&P500','BCS','CS','DB','GS','MS','WFC']]

Finance_Stocks.head()
S&P500	BCS	CS	DB	GS	MS	WFC
Date							
2015-10-01	0.054083	0.933166	0.903059	0.832608	0.296583	0.263568	0.666129
2015-10-02	0.069804	0.964912	0.931571	0.857143	0.303735	0.261687	0.661982
2015-10-05	0.090178	0.982456	0.958528	0.899090	0.330395	0.284793	0.688479
2015-10-06	0.086108	0.978279	0.969933	0.907004	0.327650	0.286674	0.679723
2015-10-07	0.095190	0.993317	0.966822	0.922438	0.341449	0.301988	0.683410

sns.pairplot(Finance_Stocks)
plt.ioff()
<matplotlib.pyplot._IoffContext at 0x1cd78f7ac10>

Insights:
S&P500 is positively co-related with Finance Sector.
Althought market took a massive hit in 2020 due to corona pandemic Morgan Stanley and Goldman Sachs were able to recover back as well as out performed the sector but still majority of stocks have been hit.
In the pairplot we can see that Goldman Sachs & Morgan Stanley are highly correlated when compared to others stocks.
# Pharma Stocks
Pharma_Stocks = stocks[['S&P500','BHC','JNJ','MRK','PFE','RHHBY','UNH']]

Pharma_Stocks.head()
S&P500	BHC	JNJ	MRK	PFE	RHHBY	UNH
Date							
2015-10-01	0.054083	0.984351	0.000000	0.017952	0.188839	0.333985	0.034410
2015-10-02	0.069804	1.000000	0.012191	0.035673	0.258737	0.338875	0.044761
2015-10-05	0.090178	0.891491	0.025505	0.060759	0.281285	0.344743	0.048585
2015-10-06	0.086108	0.906104	0.004010	0.027848	0.242390	0.349144	0.031799
2015-10-07	0.095190	0.928140	0.029034	0.054315	0.270575	0.301222	0.033571

sns.pairplot(Pharma_Stocks)
plt.ioff()
<matplotlib.pyplot._IoffContext at 0x1cd78b45e20>

Insights:
S&P500 is positively co-related with Health and Pharma Sector(JNJ, MRK, UNH).
During the pandemic health and pharma and technology sector showed rapid growth after the market crash in comparison to other industries.
From past 5 years we can see that Bausch Health Companies inc has not seen any growth.
Overall the health and pharma sector is strong compared to S&P500.
# Technology Stocks
Technology_Stocks = stocks[['S&P500','AAPL','AMZN','FB','GOOG','IBM','MSFT']]
Technology_Stocks.tail()
S&P500	AAPL	AMZN	FB	GOOG	IBM	MSFT
Date							
2020-09-24	0.809192	0.767373	0.832209	0.744647	0.731430	0.267493	0.847840
2020-09-25	0.838802	0.803755	0.856915	0.769487	0.746354	0.277357	0.872594
2020-09-28	0.869137	0.827770	0.882796	0.778879	0.763865	0.309245	0.881255
2020-09-29	0.859929	0.819974	0.873230	0.802216	0.768172	0.300184	0.869600
2020-09-30	0.875645	0.835387	0.874493	0.802733	0.768413	0.308557	0.886014

sns.pairplot(Technology_Stocks)
plt.ioff()
<matplotlib.pyplot._IoffContext at 0x1cd79810be0>

Insights:
S&P500 is strongly co-related with Technology Sector(AMZN, FB, MSFT, GOOG, AAPL).
When compared to other sectors during the pandemic Tech sector was one of few sectors to bounce back sharply.
Except for IBM all the other stocks are out performing the market.
Also all the stocks except for IBM are strongly co-related with each other.
Key Metrics
DAILY RETURNS
For calculating the daily returns we will use some formulas and Pandas built in function which is known as pct_change.
Using this we will be able to calculate the simple returns for each day and each stock.
# Checking the head of the Original Stocks
original_stocks.head()
S&P500	AAL	ALGT	ALk	DAL	HA	LUV	BCS	CS	DB	GS	MS	WFC	BHC	JNJ	MRK	PFE	RHHBY	UNH	AAPL	AMZN	GOOG	IBM	MSFT	FB
Date																									
2010-10-01	1146.239990	9.29	43.230000	12.4475	12.01	5.96	12.94	17.603687	42.226563	52.595421	147.699997	25.020000	25.559999	25.750000	61.750000	36.599998	17.180000	17.389999	35.430000	10.090000	153.710007	261.828613	135.639999	24.379999	0.0
2010-10-04	1137.030029	9.12	41.590000	12.1425	11.51	5.75	12.82	17.502304	41.914063	51.755726	146.570007	24.709999	25.379999	25.870001	61.669998	36.520000	16.900000	17.275000	34.540001	9.951428	155.389999	260.199707	135.250000	23.910000	0.0
2010-10-05	1160.750000	9.23	42.099998	12.2150	11.83	5.85	13.02	18.156683	43.154297	53.950382	149.570007	25.469999	26.250000	26.299999	62.799999	37.020000	17.230000	17.799999	35.070000	10.319285	160.869995	268.110046	137.660004	24.350000	0.0
2010-10-06	1159.969971	9.23	41.950001	12.1875	11.78	5.97	12.94	17.944700	43.437500	54.608780	150.839996	25.379999	26.299999	26.690001	63.209999	37.009998	17.260000	17.975000	33.950001	10.328215	155.399994	266.177307	137.839996	24.430000	0.0
2010-10-07	1158.060059	9.24	41.700001	11.6250	11.77	6.15	12.88	17.253456	43.671875	54.036259	151.110001	25.070000	26.000000	26.600000	63.220001	36.709999	17.379999	17.930000	34.340000	10.329286	156.270004	264.015411	138.720001	24.530001	0.0
# assigning the dataset to daily_returns
daily_return = original_stocks.copy()
# Now we will be taking the data of the last 5 years and do the cumulative daily returs
daily_return = daily_return['10-01-2015':]

daily_return.head()
S&P500	AAL	ALGT	ALk	DAL	HA	LUV	BCS	CS	DB	GS	MS	WFC	BHC	JNJ	MRK	PFE	RHHBY	UNH	AAPL	AMZN	GOOG	IBM	MSFT	FB
Date																									
2015-10-01	1923.819946	39.200001	217.979996	80.230003	45.410000	24.730000	38.410000	15.01	24.090000	26.520000	176.020004	31.500000	51.439999	179.600006	93.169998	49.369999	31.840000	33.220001	116.610001	27.395000	520.719971	611.289978	143.589996	44.610001	90.949997
2015-10-02	1951.359985	38.630001	215.589996	79.260002	44.869999	24.280001	38.380001	15.39	24.639999	27.139999	177.009995	31.430000	51.259998	182.320007	93.930000	50.139999	33.080002	33.320000	118.830002	27.594999	532.539978	626.909973	144.580002	45.570000	92.070000
2015-10-05	1987.050049	40.189999	216.059998	80.910004	46.959999	25.500000	39.299999	15.60	25.160000	28.200001	180.699997	32.290001	52.410000	163.460007	94.760002	51.230000	33.480000	33.439999	119.650002	27.695000	543.679993	641.469971	149.039993	46.630001	94.010002
2015-10-06	1979.920044	38.130001	208.600006	74.529999	45.090000	24.250000	38.000000	15.55	25.379999	28.400000	180.320007	32.360001	52.029999	166.000000	93.419998	49.799999	32.790001	33.529999	116.050003	27.827499	537.479980	645.440002	148.779999	46.750000	92.800003
2015-10-07	1995.829956	39.310001	213.839996	75.970001	45.990002	24.559999	38.709999	15.73	25.320000	28.790001	182.229996	32.930000	52.189999	169.830002	94.980003	50.950001	33.290001	32.549999	116.430000	27.695000	541.940002	642.359985	150.089996	46.799999	92.400002
# Percentage change between the current and a prior element
for i in list(daily_return.columns[:]):
    daily_return[i]=daily_return[i].pct_change(1)  
# Lets Calculate the cumulative daily returns

df_cum_daily_return = (1 + daily_return).cumprod() - 1

df_cum_daily_return.tail()
S&P500	AAL	ALGT	ALk	DAL	HA	LUV	BCS	CS	DB	GS	MS	WFC	BHC	JNJ	MRK	PFE	RHHBY	UNH	AAPL	AMZN	GOOG	IBM	MSFT	FB
Date																									
2020-09-24	0.687575	-0.699745	-0.442609	-0.555029	-0.361154	-0.498585	-0.040354	-0.683544	-0.600664	-0.694193	0.108454	0.479683	-0.546656	-0.915256	0.552753	0.684221	0.123116	0.345575	1.509733	2.950356	4.799259	1.336518	-0.177589	3.554808	1.743595
